33.662019773232025 420.69754178988745 423.39734714854836 
51.15772251173725 212.04877302841464 160.32263776736394 
587.0290110815654 525.7885518724563 282.141783553822 
459.4200487099493 587.9855907085906 518.5484591179236 
524.0463312497894 287.60824903097824 515.1239673853588 
187.99372930672553 112.19946736374234 480.75384989955495 
264.05912454335146 302.32887002006424 180.9544208453218 
117.86886040223439 535.286337351011 589.7596590020835 
416.76411321203733 140.81795250012505 500.6993884411025 
242.2031637220513 298.0574633684633 475.4296017730285 
334.5985146165702 105.9483958612311 53.902425337375796 
462.6047010158068 155.2818810893733 242.86138219150175 
162.54932858713713 558.016594674517 273.3142568722111 
495.72848919214243 160.94835215501487 408.9960730729732 
592.5667459921527 441.33161746895496 86.33488553502728 
567.1952431248399 160.12117215015496 64.84912567388136 
220.97649577129178 245.62387259644285 411.13306537280164 
239.17612234103018 361.17526713651284 478.65215590783987 
204.74684380990124 442.7580702738889 581.619246247633 
593.5734761855991 297.15698276207985 299.5311139118692 
