78.14387728408738 304.6931466105323 437.5729471544724 
374.4186004291964 389.0937723422535 319.560654501227 
453.37653372180745 456.5665681076288 456.74619919838455 
198.75671069015098 146.6917013820364 186.2993695355104 
57.928950918466995 14.342114333497292 87.04034434571955 
466.7855045314791 261.5461239246172 11.329683122002656 
482.7196910970708 175.19401222955898 80.54088264684478 
300.3040512321645 343.8886692517408 71.76021316889025 
279.40626961062367 124.04656425591087 208.42901823796834 
455.70801908298336 432.9473265026678 325.11848310007315 
88.784062372242 257.48227290561897 456.99749559673046 
266.35552444514076 422.9785728533203 381.7438532162623 
456.79251120246977 81.22698328226029 438.0225083111708 
240.58091996043646 363.7048511020367 256.01229002931336 
458.9019767530002 41.389344867018494 456.04202841794483 
170.74858674645327 321.3604953902899 18.87543145171088 
484.6115442824276 350.9019477092277 171.673604341654 
425.63409841381247 248.75597174164741 306.7157282768277 
61.62007833349974 220.75562013967075 93.56108439722033 
462.1890137655884 371.8527365139516 20.914042240585065 
